br17.atsp 7
17
932 800 590 414 305 618 645 468 448 752
28 15 14 14 9 13 14 10 13 21
ft53.atsp 7
53
29508 36042 21450 34464 32762 31212 28919 21601 32698 24443
119 157 118 106 159 109 120 103 160 154
ft70.atsp 7
70
40753 50250 57675 76101 57607 47535 64399 67026 35965 79440
139 151 181 189 176 152 180 176 160 204
ftv170.atsp 7
171
1140376 708780 390691 875074 1023196 607432 820947 463037 839563 849704
605 542 610 547 656 606 575 611 604 568
ftv33.atsp 7
34
9392 5956 7663 6985 5120 8453 6454 6342 7116 3620
64 61 66 59 59 64 59 68 50 44
ftv35.atsp 7
36
5580 6628 8345 4246 10004 6407 3961 5831 5739 7507
63 88 71 58 76 67 86 64 73 69
ftv38.atsp 7
39
14808 11026 9469 8053 10506 7204 6724 7086 6038 16115
92 74 65 72 90 71 76 74 62 80
ftv44.atsp 7
45
12780 11210 15469 13054 12815 14488 10544 9916 13646 8195
91 76 99 81 97 84 94 87 89 77
ftv47.atsp 7
48
23079 24445 15646 13142 18442 16617 11655 15247 15814 18013
103 97 114 110 112 103 109 140 97 118
ftv55.atsp 7
56
27308 40165 26294 29134 34282 17765 19035 30931 27334 16435
128 141 115 116 128 150 126 123 99 131
ftv64.atsp 7
65
56080 28998 30111 38036 39182 27108 39011 48943 30973 20570
162 143 138 151 149 145 168 124 139 151
ftv70.atsp 7
71
52784 54612 30309 56509 74962 32896 30035 34416 48125 69768
188 161 144 190 177 152 174 160 175 195
kro124p.atsp 7
100
145953 260376 189817 254265 360695 280129 172097 239534 215106 158377
399 389 396 353 361 381 351 376 362 403
p43.atsp 7
43
13543 7227 9959 10105 14188 14481 12171 11531 12994 8700
100 68 90 73 79 74 77 97 76 89
rbg323.atsp 7
323
3962617 5213664 3375406 3647414 3661512 3521042 3629812 3447174 3481869 4686628
1042 1065 1146 1062 1090 1034 976 991 1014 1091
rbg358.atsp 7
358
5899805 4909024 5918132 4927490 5566574 4856757 5220051 6014410 7012234 7313350
1221 1140 1205 1261 1063 1261 1172 1184 1362 1279
rbg403.atsp 7
403
9036813 6775112 4940870 4992970 8774183 5801285 7804064 6051542 10446484 9493319
1108 1200 1103 1201 1255 1288 1259 1178 1204 1297
rbg443.atsp 7
443
10310411 9495781 7598314 5925994 7703075 10526037 8371346 11619971 6412715 11119688
1413 1298 1367 1101 1239 1217 1529 1286 1332 1353
ry48p.atsp 7
48
26624 44551 32635 21375 13689 21505 30074 18968 23175 33535
154 164 151 133 131 144 161 148 180 162
br17.atsp 8
17
1632 3264 2312 4216 3536 2584 2584 2448 4216 1904
12 24 17 31 26 19 19 18 31 14
ft53.atsp 8
53
223236 232882 212212 249418 190164 253552 201188 217724 230126 261820
162 169 154 181 138 184 146 158 167 190
ft70.atsp 8
70
420210 463680 444360 553035 422625 441945 487830 519225 449190 511980
174 192 184 229 175 183 202 215 186 212
ftv170.atsp 8
171
10218105 10857645 10377990 11075670 10058220 10334385 10058220 10828575 10116360 12572775
703 747 714 762 692 711 692 745 696 865
ftv33.atsp 8
34
39270 46563 37587 36465 31977 29172 41514 49929 31416 40953
70 83 67 65 57 52 74 89 56 73
ftv35.atsp 8
36
26460 47880 45990 48510 47250 47250 62370 51660 45360 40950
42 76 73 77 75 75 99 82 72 65
ftv38.atsp 8
39
75582 51870 51129 57798 65208 70395 71136 59280 63726 67431
102 70 69 78 88 95 96 80 86 91
ftv44.atsp 8
45
82170 108900 120780 85140 125730 100980 77220 110880 91080 113850
83 110 122 86 127 102 78 112 92 115
ftv47.atsp 8
48
144384 122952 125208 160176 121824 146640 113928 157920 111672 142128
128 109 111 142 108 130 101 140 99 126
ftv55.atsp 8
56
163240 210980 200200 207900 252560 194040 195580 198660 169400 200200
106 137 130 135 164 126 127 129 110 130
ftv64.atsp 8
65
293280 413920 409760 359840 345280 326560 420160 357760 372320 391040
141 199 197 173 166 157 202 172 179 188
ftv70.atsp 8
71
444815 514395 546700 462210 556640 559125 526820 514395 529305 546700
179 207 220 186 224 225 212 207 213 220
kro124p.atsp 8
100
2776950 2608650 2430450 2762100 2742300 2578950 2435400 2707650 2262150 2247300
561 527 491 558 554 521 492 547 457 454
p43.atsp 8
43
111972 95718 116487 134547 86688 96621 89397 87591 93912 110166
124 106 129 149 96 107 99 97 104 122
rbg323.atsp 8
323
70516068 66459834 69424005 72440179 62923630 69476008 71244110 67759909 70620074 70672077
1356 1278 1335 1393 1210 1336 1370 1303 1358 1359
rbg358.atsp 8
358
97260366 90933969 94512537 92787156 90422745 95790597 98857941 95598888 98027202 100327710
1522 1423 1479 1452 1415 1499 1547 1496 1534 1570
rbg403.atsp 8
403
107814993 101010741 108058002 102873810 100767732 96474573 106842957 104250861 108301011 104736879
1331 1247 1334 1270 1244 1191 1319 1287 1337 1293
rbg443.atsp 8
443
149497881 149204172 144211119 139805484 160071405 149791590 141078223 145385955 143036283 146169179
1527 1524 1473 1428 1635 1530 1441 1485 1461 1493
ry48p.atsp 8
48
203040 200784 166944 150024 166944 269592 226728 188376 280872 197400
180 178 148 133 148 239 201 167 249 175
